
000000001010000000001010000000001010
000000001010000000001010000000011010
000000001010000000001010000000101010
000000001010000000001010000000111010
000000001010000000001010000001001010
000000001010000000001010000001011010
000000001010000000001010000001101010
000000001010000000001010000001111010
000000001010000000001010000010001010
000000001010000000001010000010011010
000000001010000000001010000010101010
000000001010000000001010000010111010
000000001010000000001010000011001010
000000001010000000001010000011011010
000000001010000000001010000011101010
000000001010000000001010000011111010
000000001010000000001010000100001010
000000001010000000001010000100011010
000000001010000000001010000100101010
000000001010000000001010000100111010
000000001010000000001010000101001010
000000001010000000001010000101011010
000000001010000000001010000101101010
000000001010000000001010000101111010
000000001010000000001010000110001010
000000001010000000001010000110011010
000000001010000000001010000110101010
000000001010000000001010000110111010
000000001010000000001010000111001010
000000001010000000001010000111011010
000000001010000000001010000111101010
000000001010000000001010000111111010
000000001010000000001010001000001010
000000001010000000001010001000011010
000000001010000000001010001000101010
000000001010000000001010001000111010
000000001010000000001010001001001010
000000001010000000001010001001011010
000000001010000000001010001001101010
000000001010000000001010001001111010
000000001010000000001010001010001010
000000001010000000001010001010011010
000000001010000000001010001010101010
000000001010000000001010001010111010
000000001010000000001010001011001010
000000001010000000001010001011011010
000000001010000000001010001011101010
000000001010000000001010001011111010
000000001010000000001010001100001010
000000001010000000001010001100011010
000000001010000000001010001100101010
000000001010000000001010001100111010
000000001010000000001010001101001010
000000001010000000001010001101011010
000000001010000000001010001101101010
000000001010000000001010001101111010
000000001010000000001010001110001010
000000001010000000001010001110011010
000000001010000000001010001110101010
000000001010000000001010001110111010
000000001010000000001010001111001010
000000001010000000001010001111011010
000000001010000000001010001111101010
000000001010000000001010001111111010
000000001010000000001010010000001010
000000001010000000001010010000011010
000000001010000000001010010000101010
000000001010000000001010010000111010
000000001010000000001010010001001010
000000001010000000001010010001011010
000000001010000000001010010001101010
000000001010000000001010010001111010
000000001010000000001010010010001010
000000001010000000001010010010011010
000000001010000000001010010010101010
000000001010000000001010010010111010
000000001010000000001010010011001010
000000001010000000001010010011011010
000000001010000000001010010011101010
000000001010000000001010010011111010
000000001010000000001010010100001010
000000001010000000001010010100011010
000000001010000000001010010100101010
000000001010000000001010010100111010
000000001010000000001010010101001010
000000001010000000001010010101011010
000000001010000000001010010101101010
000000001010000000001010010101111010
000000001010000000001010010110001010
000000001010000000001010010110011010
000000001010000000001010010110101010
000000001010000000001010010110111010
000000001010000000001010010111001010
000000001010000000001010010111011010
000000001010000000001010010111101010
000000001010000000001010010111111010
000000001010000000001010011000001010
000000001010000000001010011000011010
000000001010000000001010011000101010
000000001010000000001010011000111010
000000001010000000001010011001001010
000000001010000000001010011001011010
000000001010000000001010011001101010
000000001010000000001010011001111010
000000001010000000001010011010001010
000000001010000000001010011010011010
000000001010000000001010011010101010
000000001010000000001010011010111010
000000001010000000001010011011001010
000000001010000000001010011011011010
000000001010000000001010011011101010
000000001010000000001010011011111010
000000001010000000001010011100001010
000000001010000000001010011100011010
000000001010000000001010011100101010
000000001010000000001010011100111010
000000001010000000001010011101001010
000000001010000000001010011101011010
000000001010000000001010011101101010
000000001010000000001010011101111010
000000001010000000001010011110001010
000000001010000000001010011110011010
000000001010000000001010011110101010
000000001010000000001010011110111010
000000001010000000001010011111001010
000000001010000000001010011111011010
000000001010000000001010011111101010
000000001010000000001010011111111010
000000001010000000001010100000001010
000000001010000000001010100000011010
000000001010000000001010100000101010
000000001010000000001010100000111010
000000001010000000001010100001001010
000000001010000000001010100001011010
000000001010000000001010100001101010
000000001010000000001010100001111010
000000001010000000001010100010001010
000000001010000000001010100010011010
000000001010000000001010100010101010
000000001010000000001010100010111010
000000001010000000001010100011001010
000000001010000000001010100011011010
000000001010000000001010100011101010
000000001010000000001010100011111010
000000001010000000001010100100001010
000000001010000000001010100100011010
000000001010000000001010100100101010
000000001010000000001010100100111010
000000001010000000001010100101001010
000000001010000000001010100101011010
000000001010000000001010100101101010
000000001010000000001010100101111010
000000001010000000001010100110001010
000000001010000000001010100110011010
000000001010000000001010100110101010
000000001010000000001010100110111010
000000001010000000001010100111001010
000000001010000000001010100111011010
000000001010000000001010100111101010
000000001010000000001010100111111010
000000001010000000001010101000001010
000000001010000000001010101000011010
000000001010000000001010101000101010
000000001010000000001010101000111010
000000001010000000001010101001001010
000000001010000000001010101001011010
000000001010000000001010101001101010
000000001010000000001010101001111010
000000001010000000001010101010001010
000000001010000000001010101010011010
000000001010000000001010101010101010
000000001010000000001010101010111010
000000001010000000001010101011001010
000000001010000000001010101011011010
000000001010000000001010101011101010
000000001010000000001010101011111010
000000001010000000001010101100001010
000000001010000000001010101100011010
000000001010000000001010101100101010
000000001010000000001010101100111010
000000001010000000001010101101001010
000000001010000000001010101101011010
000000001010000000001010101101101010
000000001010000000001010101101111010
000000001010000000001010101110001010
000000001010000000001010101110011010
000000001010000000001010101110101010
000000001010000000001010101110111010
000000001010000000001010101111001010
000000001010000000001010101111011010
000000001010000000001010101111101010
000000001010000000001010101111111010
000000001010000000001010110000001010
000000001010000000001010110000011010
000000001010000000001010110000101010
000000001010000000001010110000111010
000000001010000000001010110001001010
000000001010000000001010110001011010
000000001010000000001010110001101010
000000001010000000001010110001111010
000000001010000000001010110010001010
000000001010000000001010110010011010
000000001010000000001010110010101010
000000001010000000001010110010111010
000000001010000000001010110011001010
000000001010000000001010110011011010
000000001010000000001010110011101010
000000001010000000001010110011111010
000000001010000000001010110100001010
000000001010000000001010110100011010
000000001010000000001010110100101010
000000001010000000001010110100111010
000000001010000000001010110101001010
000000001010000000001010110101011010
000000001010000000001010110101101010
000000001010000000001010110101111010
000000001010000000001010110110001010
000000001010000000001010110110011010
000000001010000000001010110110101010
000000001010000000001010110110111010
000000001010000000001010110111001010
000000001010000000001010110111011010
000000001010000000001010110111101010
000000001010000000001010110111111010
000000001010000000001010111000001010
000000001010000000001010111000011010
000000001010000000001010111000101010
000000001010000000001010111000111010
000000001010000000001010111001001010
000000001010000000001010111001011010
000000001010000000001010111001101010
000000001010000000001010111001111010
000000001010000000001010111010001010
000000001010000000001010111010011010
000000001010000000001010111010101010
000000001010000000001010111010111010
000000001010000000001010111011001010
000000001010000000001010111011011010
000000001010000000001010111011101010
000000001010000000001010111011111010
000000001010000000001010111100001010
000000001010000000001010111100011010
000000001010000000001010111100101010
000000001010000000001010111100111010
000000001010000000001010111101001010
000000001010000000001010111101011010
000000001010000000001010111101101010
000000001010000000001010111101111010
000000001010000000001010111110001010
000000001010000000001010111110011010
000000001010000000001010111110101010
000000001010000000001010111110111010
000000001010000000001010111111001010
000000001010000000001010111111011010
